101111111111011111011111011111101111110111111111111011111111011110111101111110101
000000000010010000011111000010001100000000000000000011100000000110000000011100000
100110000011001000001000000010001111000001111110000001111000000000011100000100011
100111100000000100000001100010000001100000100000001000111110000100000000000000001
100100011111000111100001100000001000001110000111000100011100010000111000100011001
000110000110000111000111000010000001100000001100001100001110010000001111100001000
100001100010001100000100001111110000100011000100011111000111111100010011110001001
111000001000110001100000110000011111110000011111000001111110000000110000011001111
000110001000000011100011111100000110010001110010000110001000110001111000010001011
000000001100000000000000011000000000100000000000001000000000110000000000000000000
100000110001000110000110000111111000010001100010001111100011111110001001111000101
100100011111000111100001100000001000001110000111000100011100010000111000100011001
100110000011001000000000000010001111000001111110000001111000000000011100000100011
000000000010010000011111000010001100000000000000000011100000000110000000011100000
111000110000010001100000000110000011100010001011110000100011001111000011000001101
111000110000011100010001011110000100010001100000000110000011001111000011000001101
000000000010000000000000000000011100010000011111000010001100000110000000011100000
100001100010000100011000100011111000101100001100001111110011111100010011110001001
000110001000010010001110010000110001000011100011111100000100110001111000010001000
100001100010000100010001100011111000101100001100001111110011111100010011110001001
100001111110000010000100000100011000000001111000000101100000000000100000000001001
100011000000010000001110000000000010001100000011001001000011110000010001110000001
100110000010000000011000000010011000011000000001100100100111100000100000110001101
000110001000000000110001100000011000011000000001100100000011110000001000111000100
100011000000100000100001110001011000001100000011000100011110000001000000000000001
100000111110000110000000011000001001000001111000010000010000001000001000111100101
101111111111011111011111011111101111110111111111111011111111011110111101111110101
